size = [10, 20, 30, 40, 60, 80, 100, 120, 150, 200, 250, 300, 350, 400, 500, 600, 700, 800, 900, 1000];

N_join = [6.204, 4.343, 3.734, 3.499, 3.222, 3.004, 2.809, 2.631, 2.399, 2.078, 1.828, 1.635, 1.485, 1.37, 1.213, 1.12, 1.067, 1.037, 1.02, 1.011];

N_leave = [6.602, 4.435, 3.772, 3.514, 3.227, 3.012, 2.818, 2.645, 2.405, 2.083, 1.835, 1.64, 1.488, 1.372, 1.214, 1.121, 1.067, 1.037, 1.02, 1.011];

N_burst = [9.255, 7.212, 6.15, 5.515, 4.793, 4.375, 4.083, 3.859, 3.587, 3.25, 2.991, 2.78, 2.605, 2.458, 2.223, 2.047, 1.91, 1.803, 1.717, 1.646];

N_batch = [3.652, 2.521, 2.017, 1.73, 1.414, 1.238, 1.118, 1.028, 0.922, 0.795, 0.7, 0.623, 0.561, 0.508, 0.426, 0.364, 0.316, 0.279, 0.249, 0.224];

